$ 1 0.000005 10.20027730826997 50 5 43 5e-11
s 80 -320 208 -320 4 1 false MUTE
s 80 -272 208 -272 4 1 false VOL\p
s 80 -224 208 -224 4 1 false VOL-
s 80 -176 208 -176 4 1 false MODE
s 80 -128 208 -128 4 1 false SEEK\p
w 80 -320 80 -272 0
w 80 -272 80 -224 0
w 80 -224 80 -176 0
w 80 -176 80 -128 0
r 208 -368 320 -368 0 10
r 208 -272 208 -320 0 70
r 208 -224 208 -272 0 117
r 208 -176 208 -224 0 181
r 208 -128 208 -176 0 419
r 320 -368 320 -32 0 4700
w 320 -32 608 -32 0
w 320 -368 448 -368 0
r 208 -368 208 -320 0 12
w 80 -80 80 -32 0
w 80 -32 320 -32 0
x 92 -372 161 -369 4 24 SWC1
x 92 76 161 79 4 24 SWC2
w 80 288 320 288 0
r 208 80 208 128 0 231
w 320 80 448 80 0
w 320 288 448 288 0
r 320 80 320 288 0 100000
r 208 224 208 176 0 2300
r 208 176 208 128 0 680
r 208 80 320 80 0 100
w 80 176 80 224 0
w 80 128 80 176 0
s 80 224 208 224 4 1 false TALK
s 80 176 208 176 4 1 false PHONE\sOFF
s 80 128 208 128 4 1 false PHONE\sON
w 80 224 80 288 0
r 752 -144 848 -144 0 330
w 448 288 608 288 0
368 752 -144 800 -224 0 0
s 80 -80 208 -80 4 1 false SEEK-
w 80 -128 80 -80 0
r 208 -128 208 -80 0 730
v 848 -32 848 -144 0 0 40 3.3 0 0 0.5
w 448 80 448 -368 0
w 448 -368 752 -144 0
w 608 288 608 -32 0
w 608 -32 848 -32 0
o 38 32 0 x81012 3.2280891626948667 0.0001 0 2 0.5 -95 38 3 0.000025 0
